Random Fill Test: S = 0, N = 0, D = 0
... Complete

Random Fill Test: S = 100, N = 200, D = 3
... Complete

Random Fill Test: S = 100, N = 1000, D = 3
... Complete

Random Fill Test: S = 200, N = 100, D = 3
... Complete

Random Fill Test: S = 1000, N = 1000, D = 10
... Complete

Random Fill Test: S = 793, N = 881, D = 44
... Complete

Example Base Case: S = 5, N = 5, D = 3
  0.0  1.0  2.0  1.0  3.0
  0.5  3.0  4.5  1.0  3.0
  1.0  3.0  4.0  1.0  3.0
  1.5  3.0  3.5  1.0  3.0
  2.5  3.0  4.0  1.0  1.5
... Complete

NULL Case: S = 1000, N = 0, D = 3
Passed array was empty.

Random Fill Test: S = 5, N = 5, D = 3
Scan[0]
 37.7 57.8 53.8 36.6 11.3
Range Filtered[0]
 37.7 50.0 50.0 36.6 11.3
Median Filtered[0]
 37.7 57.8 53.8 36.6 11.3

Scan[1]
 26.1 30.6 43.5 30.6 23.6
Range Filtered[1]
 26.1 30.6 43.5 30.6 23.6
Median Filtered[1]
 31.9 44.2 48.6 33.6 17.5

Scan[2]
 55.6 31.3  8.4  0.5 17.7
Range Filtered[2]
 50.0 31.3  8.4  0.5 17.7
Median Filtered[2]
 37.7 31.3 43.5 30.6 17.7

Scan[3]
 53.8 20.6  2.0 44.8 41.1
Range Filtered[3]
 50.0 20.6  2.0 44.8 41.1
Median Filtered[3]
 45.8 30.9 25.9 33.6 20.6

Scan[4]
  8.7 28.5 45.4 35.2  8.2
Range Filtered[4]
  8.7 28.5 45.4 35.2  8.2
Median Filtered[4]
 40.0 29.6 25.9 32.9 20.6

Scan[5]
 11.3 53.3 13.7 57.2 15.0
Range Filtered[5]
 11.3 50.0 13.7 50.0 15.0
Median Filtered[5]
 32.6 29.9 11.0 40.0 16.4

... Complete

Random Fill Test: S = 10, N = 20, D = 3
Scan[0]
  6.3 11.3 10.5 49.3  1.9 55.3 39.6 48.9 45.9 47.0 28.0  9.0 49.9 31.9 38.8  8.0  5.8 24.0 40.6 15.5
Range Filtered[0]
  6.3 11.3 10.5 49.3  1.9 50.0 39.6 48.9 45.9 47.0 28.0  9.0 49.9 31.9 38.8  8.0  5.8 24.0 40.6 15.5
Median Filtered[0]
  6.3 11.3 10.5 49.3  1.9 55.3 39.6 48.9 45.9 47.0 28.0  9.0 49.9 31.9 38.8  8.0  5.8 24.0 40.6 15.5

Scan[1]
 45.6 55.1 40.7  1.1 17.1 30.7 50.4 10.3  4.3 37.4 33.1 35.2  9.8 58.1 17.4 36.9 30.4 42.2 21.9 50.7
Range Filtered[1]
 45.6 50.0 40.7  1.1 17.1 30.7 50.0 10.3  4.3 37.4 33.1 35.2  9.8 50.0 17.4 36.9 30.4 42.2 21.9 50.0
Median Filtered[1]
 25.9 33.2 25.6 25.2  9.5 43.0 45.0 29.6 25.1 42.2 30.5 22.1 29.8 45.0 28.1 22.4 18.1 33.1 31.3 33.1

Scan[2]
 35.4 23.1  0.0 17.1 20.5 50.5 41.1 37.5 34.9 45.2  0.2  4.4 55.0 50.8 34.9  1.0  8.9 42.1  7.5 17.3
Range Filtered[2]
 35.4 23.1  0.0 17.1 20.5 50.0 41.1 37.5 34.9 45.2  0.2  4.4 50.0 50.0 34.9  1.0  8.9 42.1  7.5 17.3
Median Filtered[2]
 35.4 23.1 10.5 17.1 17.1 50.5 41.1 37.5 34.9 45.2 28.0  9.0 49.9 50.8 34.9  8.0  8.9 42.1 21.9 17.3

Scan[3]
 58.9 26.6 43.5 40.8 49.7 14.7 53.0 29.7 14.7 13.0 12.0  5.9 47.1 27.8  0.3 27.6 57.9 48.1  7.4  4.8
Range Filtered[3]
 50.0 26.6 43.5 40.8 49.7 14.7 50.0 29.7 14.7 13.0 12.0  5.9 47.1 27.8  0.3 27.6 50.0 48.1  7.4  4.8
Median Filtered[3]
 40.5 24.9 25.6 28.9 18.8 40.6 45.7 33.6 24.8 41.3 20.0  7.4 48.5 41.3 26.2 17.8 19.7 42.2 14.7 16.4

Scan[4]
  0.8 55.1 45.6 49.9 50.3 58.8 22.0 25.1  0.7  6.7 43.0  3.1 36.6 22.2 26.0 48.1 53.5 29.6 21.0 48.3
Range Filtered[4]
  0.8 50.0 45.6 49.9 50.0 50.0 22.0 25.1  0.7  6.7 43.0  3.1 36.6 22.2 26.0 48.1 50.0 29.6 21.0 48.3
Median Filtered[4]
 40.5 40.9 42.1 28.9 35.1 40.6 45.7 27.4  9.5 25.2 22.5  5.1 41.9 39.3 21.7 32.2 41.9 42.2 14.2 32.8

Scan[5]
 26.4 22.6 55.7  2.4 45.6  4.3 50.5 14.5  8.6 16.0 12.7 13.3 57.2 50.2  2.5 38.5 32.5 20.2 52.8 33.6
Range Filtered[5]
 26.4 22.6 50.0  2.4 45.6  4.3 50.0 14.5  8.6 16.0 12.7 13.3 50.0 50.0  2.5 38.5 32.5 20.2 50.0 33.6
Median Filtered[5]
 30.9 24.9 44.5 28.9 47.7 32.6 45.8 27.4 11.6 14.5 12.3  5.1 51.1 39.0 14.2 33.1 43.0 35.9 14.2 25.4

Scan[6]
 35.8 13.0 53.3 57.3  9.2 45.4 26.3 28.0 45.7 55.8  4.6 20.1 43.3  9.3  5.0 20.5 25.8 19.0  6.1 30.0
Range Filtered[6]
 35.8 13.0 50.0 50.0  9.2 45.4 26.3 28.0 45.7 50.0  4.6 20.1 43.3  9.3  5.0 20.5 25.8 19.0  6.1 30.0
Median Filtered[6]
 31.1 24.6 49.4 45.3 47.7 30.1 38.4 26.6 11.6 14.5 12.3  9.6 45.2 25.0  3.7 33.1 43.0 24.9 14.2 31.8

Scan[7]
 39.6 37.2 23.2 39.4 34.4  1.2 18.4 15.2  3.5 42.9 12.4  0.2 45.9  2.4 42.6 12.3 57.9 37.0  5.7 35.1
Range Filtered[7]
 39.6 37.2 23.2 39.4 34.4  1.2 18.4 15.2  3.5 42.9 12.4  0.2 45.9  2.4 42.6 12.3 50.0 37.0  5.7 35.1
Median Filtered[7]
 31.1 29.9 49.4 44.7 40.0 24.9 24.1 20.2  6.0 29.4 12.6  8.2 44.6 15.8 15.5 29.5 43.0 24.9 13.5 34.3

Scan[8]
  1.6 23.2 58.5 21.9  9.9 17.5 16.1  8.6 42.9 59.0 50.5 51.7  6.8 15.5 50.2 55.7 27.8 15.9  4.2 36.3
Range Filtered[8]
  1.6 23.2 50.0 21.9  9.9 17.5 16.1  8.6 42.9 50.0 50.0 50.0  6.8 15.5 50.0 50.0 27.8 15.9  4.2 36.3
Median Filtered[8]
 31.1 22.9 54.5 30.6 22.1 10.9 22.4 14.8 25.8 49.3 12.6 16.7 44.6 12.4 23.8 29.5 30.2 19.6  5.9 34.3

Scan[9]
 49.5 42.4 17.5 17.6  5.0 25.9 32.9 49.9 51.3 58.1  0.9 39.3 23.7  3.0 41.0 49.0 39.1 44.1 27.4 57.0
Range Filtered[9]
 49.5 42.4 17.5 17.6  5.0 25.9 32.9 49.9 50.0 50.0  0.9 39.3 23.7  3.0 41.0 49.0 39.1 44.1 27.4 50.0
Median Filtered[9]
 37.7 30.2 38.3 30.6  9.6 21.7 22.4 21.6 44.3 57.0  8.5 29.7 33.5  6.2 41.8 34.7 33.5 28.0  5.9 35.7

Scan[10]
 24.3 38.9 43.5 44.8 38.1 27.2 46.7 19.8  6.7 42.2 12.2 25.2 13.6 48.9 18.9 22.4 16.7 51.3 34.2 45.0
Range Filtered[10]
 24.3 38.9 43.5 44.8 38.1 27.2 46.7 19.8  6.7 42.2 12.2 25.2 13.6 48.9 18.9 22.4 16.7 50.0 34.2 45.0
Median Filtered[10]
 31.9 38.1 33.3 30.6 22.1 21.7 25.7 17.5 24.8 50.5 12.3 32.2 18.6  9.3 41.8 35.7 33.5 40.6 16.6 40.6

... Complete

